A = 0.014342676367008329 ± 0.009493014435138834
B = 73.71456046003314 ± 18.96290986056388
C = 1.0000000000518887 ± 0.00671257562256653
Q = 0.014342676366264106 ± 0.009493502629814379
PA = -16.28543953996686 ± 18.96290986056388