energy,abs_eff
0.998378
0.97818406
0.95799012
0.93779618
0.91760224
0.8974083
0.87721436
0.85702042
0.82868944
0.78205012
0.7354108
0.68877148
0.64213216
0.5954928399999999
0.54885352
0.5022141999999999
0.46939759999999997
0.4452202
0.4210428
0.3968654
0.372688
0.3485106
0.3243332
0.3001558
0.28795548
0.27675325
0.26555102
0.25434879
0.24314656
0.23194433
0.2207421
0.21077980000000002
0.2049506
0.1991214
0.1932922
0.187463
0.1816338
0.17580459999999998
0.1699754
0.16550497
0.1621992
0.15889343
0.15558766
0.15228189
0.14897612
0.14567035
0.14236458000000002
0.14002395
0.1378588
0.13569365
0.1335285
0.13136335000000002
0.1291982
0.12703305
0.0
0.0
0.0
0.0
0.0
0.0
0.0
0.0
0.0
0.0
