energy,abs_eff
0.0
0.0
0.0
0.9985807566666667
0.9984910233333333
0.99840129
0.9983115566666666
0.9982207016666667
0.9981309683333333
0.998041235
0.9979503799999999
0.997603452
0.9970460919999999
0.996481765
0.995924405
0.995367045
0.994809685
0.9942453579999999
0.993687998
0.993130638
0.9925663109999999
0.992008951
0.9914515909999999
0.9908872639999999
0.990329904
0.9897725439999999
0.989215184
0.988650857
0.9880934969999999
0.987536137
0.98697181
0.9864144499999999
0.98585709
0.985292763
0.984735403
0.984178043
0.9843504519999999
0.9849265319999999
0.985502612
0.986078692
0.9866619729999999
0.987238053
0.987814133
0.9883974139999999
0.988973494
0.989549574
0.9901328549999999
0.990708935
0.991285015
0.991861095
0.992444376
0.993020456
0.993596536
0.994179817
0.994755897
0.995331977
0.995915258
0.996491338
0.997067418
0.997643498
0.998226779
0.9965450116
0.9940596036
0.991543128
0.98905772
0.986572312
0.9840558363999999
0.9815704284
0.9790850204
0.9765685448
0.9740831368
0.9715977288
0.9691123208
0.9665958452
0.9641104372
0.9616250292
0.9591085536
0.9566231456000001
0.9541377376
0.951621262
0.949135854
0.946650446
0.944165038
0.9416485623999999
0.9391631544
0.9366777464
0.9341612708
0.9316758628
0.9291904548000001
0.9266739792
0.9241885712
0.9217031632
0.9192177552
0.9167012796
0.9142158716
0.9117304636
0.909213988
0.90672858
0.904243172
