A = -1.5540198741051572e-18 ± 7.501915304988946e-19
B = 57.29577950410847 ± 1.1240281330609027e-08
C = -1.4525389525634965e-18 ± 5.20208012064465e-19
Q = 1.0698645095627648 ± 0.6430789265099506
PA = -32.70422049589153 ± 1.1240281330609027e-08