A = -0.6606911899938247 ± 0.030104139447651494
B = 71.4916544000118 ± 1.305353722048021
C = 0.9999999998940976 ± 0.0212868412618461
Q = -0.6606911900637935 ± -0.03322733978777383
PA = -18.508345599988203 ± 1.305353722048021