A = -2.098247250465618 ± 1.4311364705538145
B = 42.23108840776766 ± 18.933261975794125
C = 1.0300542267297503 ± 0.9962362697354205
Q = -2.0370260089385797 ± -2.410779724675096
PA = -47.76891159223234 ± 18.933261975794125