A = -1.0253757622767041 ± 0.345412039576729
B = 43.8982308102992 ± 9.32227428327378
C = 1.0123819666138907 ± 0.24009910589337588
Q = -1.0128348746731175 ± -0.4172625789418981
PA = -46.1017691897008 ± 9.32227428327378