Phi_fit,Counts_fit
0.0,0.827567425785622
0.2501737317581654,0.8093375128482649
0.5003474635163307,0.7911244317124465
0.7505211952744961,0.7729295713031897
1.0006949270326615,0.7547543191560107
1.2508686587908269,0.7366000613111043
1.5010423905489922,0.718468182207644
1.7512161223071576,0.7003600645782073
2.001389854065323,0.6822770893433279
2.2515635858234884,0.6642206355061846
2.5017373175816537,0.6461920800474433
2.751911049339819,0.6281927978202461
3.0020847810979845,0.6102241614453643
3.25225851285615,0.5922875412065258
3.5024322446143152,0.5743843049459156
3.7526059763724806,0.556515817959864
4.002779708130646,0.5386834428947311
4.252953439888811,0.5208885396429912
4.503127171646977,0.5031324652395263
4.753300903405142,0.48541657375814085
5.0034746351633075,0.46774221620830025
5.253648366921473,0.4501107404321011
5.503822098679638,0.4325234910014881
5.753995830437804,0.4149818091157157
6.004169562195969,0.39748703249906736
6.254343293954134,0.380040495298844
6.5045170257123,0.36264352798362065
6.754690757470465,0.34529745724178373
7.0048644892286305,0.32800360588036104
7.255038220986796,0.3107632927241436
7.505211952744961,0.29357783251511094
7.755385684503127,0.27644853581217177
8.005559416261292,0.25937670889121966
8.255733148019457,0.24236365364551604
8.505906879777623,0.22541066748640992
8.756080611535788,0.20851904324439707
9.006254343293953,0.1916900690705272
9.256428075052119,0.17492502833817314
9.506601806810284,0.158225199545159
9.75677553856845,0.14159185621626158
10.006949270326615,0.1250262668060942
10.25712300208478,0.10852969460237283
10.507296733842946,0.09210339762957764
10.757470465601111,0.07574862855301834
11.007644197359276,0.05946663458330492
11.257817929117442,0.04325865738123491
11.507991660875607,0.027125932963106614
11.758165392633773,0.011069691606460097
12.008339124391938,-0.004908842243745326
12.258512856150103,-0.02080845006850396
12.508686587908269,-0.036627919367689055
12.758860319666434,-0.052366043752519076
13.0090340514246,-0.06802162303755455
13.259207783182765,-0.0835934633322244
13.50938151494093,-0.09908037713187312
13.759555246699096,-0.11448118340831726
14.009728978457261,-0.12979470769991241
14.259902710215426,-0.14501978220111633
14.510076441973592,-0.16015524585154628
14.760250173731757,-0.17519994442451936
15.010423905489922,-0.1901527306150761
15.260597637248088,-0.20501246412747176
15.510771369006253,-0.21977801176213574
15.760945100764419,-0.23444824750208904
16.011118832522584,-0.24902205259881405
16.26129256428075,-0.26349831565756965
16.511466296038915,-0.27787593272214606
16.76164002779708,-0.2921538073590533
17.011813759555245,-0.3063308507411333
17.261987491313413,-0.32040598173059465
17.512161223071576,-0.3343781269614592
17.76233495482974,-0.348246220921417
18.012508686587907,-0.36200920603308284
18.262682418346074,-0.3756660327346457
18.512856150104238,-0.38921565955990767
18.7630298818624,-0.40265705321770784
19.01320361362057,-0.41598918867071877
19.263377345378736,-0.42921104921361697
19.5135510771369,-0.4423216265506158
19.763724808895063,-0.45531992087235795
20.01389854065323,-0.46820494093216203
20.264072272411397,-0.4809757041216123
20.51424600416956,-0.49363123654549335
20.764419735927724,-0.5061705730960597
21.01459346768589,-0.5185927575266354
21.26476719944406,-0.5308968425245337
21.514940931202222,-0.5430818897833023
21.765114662960386,-0.5551469700742773
22.015288394718553,-0.5670911633174456
22.26546212647672,-0.5789135586516099
22.515635858234884,-0.5906132545038516
22.765809589993047,-0.6021893586582836
23.015983321751214,-0.6136409883240912
23.26615705350938,-0.6249672702028528
23.516330785267545,-0.636167340555138
23.76650451702571,-0.6472403452663753
24.016678248783876,-0.6581854399119886
24.266851980542043,-0.6690017898217904
24.517025712300207,-0.6796885701436348
24.76719944405837,-0.6902449659063206
25.017373175816537,-0.7006701720817403
25.267546907574705,-0.7109633936462723
25.517720639332868,-0.7211238456414069
25.76789437109103,-0.7311507532336108
26.0180681028492,-0.7410433517734119
26.268241834607366,-0.7508008868537137
26.51841556636553,-0.7604226143673247
26.768589298123693,-0.7699078005637054
27.01876302988186,-0.7792557221049228
27.268936761640028,-0.7884656661208123
27.51911049339819,-0.7975369302633406
27.769284225156355,-0.8064688227601671
28.019457956914522,-0.8152606624673986
28.26963168867269,-0.8239117789215322
28.519805420430853,-0.8324215123905851
28.769979152189016,-0.840789213924406
29.020152883947183,-0.8490142454041638
29.27032661570535,-0.8570959795910094
29.520500347463514,-0.8650338001739095
29.770674079221678,-0.8728271018166476
30.020847810979845,-0.8804752902039839
30.271021542738012,-0.8879777820869803
30.521195274496176,-0.8953340053274772
30.77136900625434,-0.9025433989417257
31.021542738012506,-0.9096054131431672
31.271716469770674,-0.9165195093843608
31.521890201528837,-0.9232851603980514
31.772063933287,-0.9299018502373808
32.02223766504517,-0.9363690743152329
32.272411396803335,-0.9426863394427125
32.5225851285615,-0.9488531638667568
32.77275886031966,-0.9548690773068738
33.02293259207783,-0.9607336209910056
33.273106323836,-0.9664463476905139
33.52328005559416,-0.972006821754285
33.773453787352324,-0.977414619141955
34.02362751911049,-0.9826693274562435
34.27380125086866,-0.987770545974406
34.523974982626825,-0.9927178856787902
34.774148714384985,-0.9975109692865045
35.02432244614315,-1.0021494312781898
35.27449617790132,-1.0066329179258902
35.52466990965948,-1.0109610873200334
35.77484364141765,-1.0151336093955012
36.025017373175814,-1.0191501659568005
36.27519110493398,-1.0230104507023303
36.52536483669215,-1.026714169247739
36.77553856845031,-1.0302610391483742
37.025712300208475,-1.0336507899208218
37.27588603196664,-1.0368831630635342
37.5260597637248,-1.0399579120765412
37.77623349548297,-1.0428748024802506
38.02640722724114,-1.045633611833328
38.276580958999304,-1.0482341297496598
38.52675469075747,-1.050676157914399
38.77692842251563,-1.0529595100990865
39.0271021542738,-1.0550840121758553
39.277275886031966,-1.0570495021307056
39.527449617790126,-1.0588558300758648
39.77762334954829,-1.0605028582612142
40.02779708130646,-1.0619904610847954
40.27797081306463,-1.0633185251023876
40.528144544822794,-1.0644869490361604
40.778318276580954,-1.0654956437823966
41.02849200833912,-1.0663445324182859
41.27866574009729,-1.067033550207793
41.52883947185545,-1.0675626446065931
41.779013203613616,-1.067931775266079
42.02918693537178,-1.0681409140364395
42.27936066712995,-1.0681900449688033
42.52953439888812,-1.0680791643164582
42.77970813064628,-1.0678082805351354
43.029881862404444,-1.0673774142823635
43.28005559416261,-1.0667865984158964
43.53022932592077,-1.066035877991204
43.78040305767894,-1.0651253102580394
44.030576789437106,-1.0640549646560697
44.28075052119527,-1.0628249228095843
44.53092425295344,-1.0614352785212677
44.7810979847116,-1.0598861377650461
45.03127171646977,-1.0581776186780072
45.281445448227934,-1.0563098515513905
45.531619179986095,-1.054282978820651
45.78179291174426,-1.052097155054597
46.03196664350243,-1.0497525469436049
46.282140375260596,-1.0472493332869033
46.53231410701876,-1.0445877049789418
46.78248783877692,-1.0417678649948305
47.03266157053509,-1.0387900283748635
47.28283530229326,-1.0356544222081188
47.53300903405142,-1.0323612856151398
47.783182765809585,-1.0289108697297018
48.03335649756775,-1.0253034376796601
48.28353022932592,-1.021539264566882
48.533703961084086,-1.0176186374462701
48.783877692842246,-1.0135418553038713
49.03405142460041,-1.009309229034074
49.28422515635858,-1.0049210814159015
49.53439888811674,-1.0003777470883972
49.78457261987491,-0.9956795725251033
50.034746351633075,-0.9908269160076393
50.28492008339124,-0.985820147598381
50.53509381514941,-0.9806596491122384
50.78526754690757,-0.9753458140875386
51.035441278665736,-0.9698790477560151
51.2856150104239,-0.964259767011904
51.53578874218206,-0.9584884003801535
51.78596247394023,-0.9525653879837428
52.0361362056984,-0.94649118151012
52.286309937456565,-0.9402662441767553
52.53648366921473,-0.9338910506958165
52.78665740097289,-0.9273660872379688
53.03683113273106,-0.9206918513952966
53.28700486448923,-0.9138688521433611
53.53717859624739,-0.9068976098023829
53.787352328005554,-0.8997786559975638
54.03752605976372,-0.8925125336185447
54.28769979152189,-0.8850997967780057
54.537873523280055,-0.877541010769409
54.788047255038215,-0.8698367520238905
55.03822098679638,-0.8619876080662991
55.28839471855455,-0.8539941774703956
55.53856845031271,-0.8458570698132033
55.78874218207088,-0.8375769056285214
56.038915913829044,-0.8291543163596053
56.28908964558721,-0.8205899443110116
56.53926337734538,-0.8118844425996161
56.78943710910354,-0.8030384751048076
57.039610840861705,-0.7940527164178599
57.28978457261987,-0.7849278517904896
57.53995830437803,-0.7756645770825967
57.7901320361362,-0.766263598709199
58.04030576789437,-0.7567256335865618
58.290479499652534,-0.7470514090775269
58.5406532314107,-0.737241662936041
58.79082696316886,-0.7272971432508981
59.04100069492703,-0.7172186083886887
59.291174426685195,-0.707006826935966
59.541348158443355,-0.6966625776406374
59.79152189020152,-0.6861866493525732
60.04169562195969,-0.6755798409634508
60.29186935371786,-0.6648429613458318
60.542043085476024,-0.6539768292914778
60.792216817234184,-0.6429822734489086
61.04239054899235,-0.6318601322602087
61.29256428075052,-0.620611253897092
61.54273801250868,-0.6092364961962156
61.792911744266846,-0.5977367265937634
62.04308547602501,-0.5861128220592979
62.29325920778318,-0.5743656690288776
62.54343293954135,-0.5624961633374632
62.79360667129951,-0.5505052101505972
63.043780403057674,-0.5383937238953784
63.29395413481584,-0.5261626281907263
63.544127866574,-0.513812855776949
63.79430159833217,-0.50134534844461
64.04447533009034,-0.48876105696270655
64.2946490618485,-0.4760609410061698
64.54482279360667,-0.46324596908267246
64.79499652536484,-0.4503171184587782
65.045170257123,-0.4372753750854086
65.29534398888116,-0.4241217335226619
65.54551772063932,-0.41085719686396005
65.79569145239749,-0.39748277665955967
66.04586518415566,-0.3839994928394104
66.29603891591383,-0.37040837363537116
66.546212647672,-0.35671045550280334
66.79638637943016,-0.3429067830415251
67.04656011118831,-0.32899840891615684
67.29673384294648,-0.3149863937758368
67.54690757470465,-0.30087180617334597
67.79708130646281,-0.2866557224836128
68.04725503822098,-0.27233922682163403
68.29742876997915,-0.25792341095979565
68.54760250173732,-0.24340937424462084
68.79777623349548,-0.22879822351292756
69.04794996525365,-0.21409107300742525
69.2981236970118,-0.1992890442917441
69.54829742876997,-0.18439326616489882
69.79847116052814,-0.16940487457521547
70.0486448922863,-0.1543250125336959
70.29881862404447,-0.1391548300268588
70.54899235580264,-0.12389548392903604
70.7991660875608,-0.1085481379141564
71.04933981931896,-0.09311396236699765
71.29951355107713,-0.07759413429393458
71.5496872828353,-0.06198983723318663
71.79986101459346,-0.04630226116455338
72.05003474635163,-0.030532602418673394
72.3002084781098,-0.014682063585787164
72.55038220986796,0.0012481465759663912
72.80055594162613,0.01725681323273598
73.0507296733843,0.03334271556759494
73.30090340514245,0.04950462687364454
73.55107713690062,0.06574131464756061
73.80125086865878,0.082051540683585
74.05142460041695,0.0984340611679474
74.30159833217512,0.11488762677372355
74.55177206393329,0.13141098275610563
74.80194579569145,0.14800286904808713
75.0521195274496,0.1646620203565594
75.30229325920777,0.18138716625879958
75.55246699096594,0.19817703129935438
75.8026407227241,0.21503033508730274
76.05281445448227,0.2319457923939039
76.30298818624044,0.2489221132506021
76.55316191799861,0.26595800304740513
76.80333564975678,0.2830521626316057
77.05350938151494,0.30020328840686006
77.3036831132731,0.31741007243259267
77.55385684503126,0.33467120252374893
77.80403057678943,0.3519853623508542
78.0542043085476,0.36935123154039773
78.30437804030576,0.3867674857755291
78.55455177206393,0.4042327968970435
78.8047255038221,0.4217458330046737
79.05489923558025,0.4393052585586523
79.30507296733842,0.4569097344815709
79.55524669909659,0.47455791826048455
79.80542043085475,0.492248464049302
80.05559416261292,0.5099800227714153
80.30576789437109,0.5277512422225784
80.55594162612925,0.545560767174031
80.80611535788742,0.5634072394758414
81.05628908964559,0.5812892981604858
81.30646282140374,0.5992055795466273
81.55663655316191,0.6171547173431207
81.80681028492008,0.6351353427531927
82.05698401667824,0.6531460845788368
82.30715774843641,0.6711855693253729
82.55733148019458,0.6892524213061964
82.80750521195274,0.7073452627476803
83.0576789437109,0.72546271389425
83.30785267546906,0.7436033931136039
83.55802640722723,0.7617659170020672
83.8082001389854,0.7799489004901012
84.05837387074357,0.7981509569479194
84.30854760250173,0.8163706982912389
84.5587213342599,0.8346067350871283
84.80889506601807,0.8528576766599729
85.05906879777623,0.8711221311975197
85.30924252953439,0.8893987058570226
85.55941626129255,0.907686006871458
85.80958999305072,0.9259826396558124
86.05976372480889,0.9442872089134352
86.30993745656706,0.9625983187424393
86.56011118832522,0.9809145727421592
86.81028492008339,0.9992345741196325
87.06045865184154,1.017556925796125
87.31063238359971,1.0358802305136692
87.56080611535788,1.0542030909416191
87.81097984711604,1.0725241097832077
88.06115357887421,1.0908418898821104
88.31132731063238,1.109155034328985
88.56150104239055,1.1274621465680066
88.81167477414871,1.1457618305033608
89.06184850590688,1.1640526906057167
89.31202223766503,1.1823333320186462
89.5621959694232,1.2006023606649956
89.81236970118137,1.2188583833531987
90.06254343293953,1.237100007883518
90.3127171646977,1.2553258431542194
90.56289089645587,1.2735344992676498
90.81306462821404,1.2917245876362387
91.06323835997219,1.3098947210883822
91.31341209173036,1.328043513974239
91.56358582348852,1.3461695822713908
91.81375955524669,1.36427154369039
92.06393328700486,1.382348017780176
92.31410701876302,1.4003976260333424
92.56428075052119,1.418418991991269
92.81445448227936,1.4364107413490814
93.06462821403753,1.454371502060464
93.31480194579568,1.4722999044422826
93.56497567755385,1.4901945812790482
93.81514940931201,1.5080541679271666
94.06532314107018,1.5258773024190173
94.31549687282835,1.5436626255668084
94.56567060458651,1.5614087810662345
94.81584433634468,1.5791144155999053
95.06601806810284,1.5967781789405455
95.316191799861,1.6143987240539728
95.56636553161917,1.6319747072018105
95.81653926337734,1.6495047880439695
96.0667129951355,1.666987629740857
96.31688672689367,1.684421899055328
96.56706045865184,1.7018062664543523
96.81723419041,1.7191394062104104
97.06740792216817,1.736419996502587
97.31758165392633,1.7536467195173777
97.56775538568449,1.7708182615491854
97.81792911744266,1.7879333131004957
98.06810284920083,1.8049905689817494
98.318276580959,1.8219887284108656
98.56845031271716,1.8389264951124495
98.81862404447533,1.8558025774166351
99.06879777623348,1.872615688357598
99.31897150799165,1.8893645457716914
99.56914523974982,1.906047872395228
99.81931897150798,1.9226643959618808
100.06949270326615,1.9392128492997078
100.31966643502432,1.9556919704277882
100.56984016678248,1.9721005026524518
100.82001389854065,1.9884371946631267
101.07018763029882,2.004700800627756
101.32036136205697,2.0208900802878054
101.57053509381514,2.037003799052847
101.8207088255733,2.0530407280947096
102.07088255733147,2.0689996444411816
102.32105628908964,2.0848793310692857
102.5712300208478,2.1006785769980807
102.82140375260597,2.1163961773810156
103.07157748436413,2.132030933597801
103.3217512161223,2.1475816533458336
103.57192494788046,2.1630471507311047
103.82209867963863,2.1784262463586384
104.0722724113968,2.19371776742244
104.32244614315496,2.2089205477949294
104.57261987491313,2.2240334281158676
104.8227936066713,2.2390552558807704
105.07296733842946,2.2539848855288005
105.32314107018762,2.268821178530125
105.57331480194578,2.283563003472742
105.82348853370395,2.2982092361487583
106.07366226546212,2.3127587596401242
106.32383599722029,2.3272104644038087
106.57400972897845,2.34156324835641
106.82418346073662,2.355816016958205
107.07435719249477,2.369967683296616
107.32453092425294,2.3840171681690987
107.57470465601111,2.397963400165441
107.82487838776927,2.411805315749473
108.07505211952744,2.4255418593401603
108.32522585128561,2.439171983392119
108.57539958304378,2.452694648475488
108.82557331480194,2.466108823355202
109.07574704656011,2.4794134850696326
109.32592077831826,2.4926076190085924
109.57609451007643,2.505690218990724
109.8262682418346,2.5186602873402126
110.07644197359276,2.5315168349628827
110.32661570535093,2.5442588814216203
110.5767894371091,2.5568854550111424
110.82696316886727,2.569395592832094
111.07713690062542,2.5817883408644864
111.32731063238359,2.5940627540404497
111.57748436414175,2.606217896316293
111.82765809589992,2.618252840743901
112.07783182765809,2.6301666695414143
112.32800555941625,2.6419584741632205
112.57817929117442,2.653627355369239
112.82835302293259,2.665172423293502
113.07852675469076,2.6765927975120096
113.32870048644891,2.6878876071098725
113.57887421820708,2.6990559907477287
113.82904794996524,2.710097096727429
114.07922168172341,2.721010083056984
114.32939541348158,2.73179411751478
114.57956914523974,2.742448377713039
114.82974287699791,2.752972051160536
115.07991660875606,2.7633643353245603
115.33009034051423,2.7736244376921126
115.5802640722724,2.7837515758303475
115.83043780403057,2.793744977446237
116.08061153578873,2.8036038804454657
116.3307852675469,2.813327532990551
116.58095899930507,2.822915193558175
116.83113273106324,2.8323661309957364
117.0813064628214,2.8416796245771017
117.33148019457956,2.850854964057574
117.58165392633772,2.859891449728056
117.83182765809589,2.868788392468402
118.08200138985406,2.8775451137999806
118.33217512161222,2.886160945937405
118.58234885337039,2.8946352318394686
118.83252258512856,2.9029673252592403
119.08269631688671,2.9111565907933548
119.33287004864488,2.9192024039304663
119.58304378040305,2.927104151098872
119.83321751216121,2.9348612297133037
120.08339124391938,2.9424730482208816
120.33356497567755,2.949939026146226
120.58373870743571,2.9572585941357215
120.83391243919388,2.96443119400094
121.08408617095205,2.971456278761205
121.3342599027102,2.9783333126853053
121.58443363446837,2.98506177133235
121.83460736622654,2.99164114159176
122.0847810979847,2.9980709217224017
122.33495482974287,3.004350621390846
122.58512856150104,3.0104797617087624
122.8353022932592,3.016457875269441
123.08547602501736,3.0222845061834294
123.33564975677552,3.0279592101133113
123.58582348853369,3.03348155430758
123.83599722029186,3.0388511176336435
124.08617095205003,3.044067490609943
124.33634468380819,3.0491302754371765
124.58651841556636,3.0540390860286366
124.83669214732453,3.0587935480396515
125.0868658790827,3.0633932988961345
125.33703961084085,3.067837987822233
125.58721334259901,3.0721272758670777
125.83738707435718,3.0762608359306336
126.08756080611535,3.08023835278864
126.33773453787352,3.084059523116655
126.58790826963168,3.0877240555131817
126.83808200138985,3.0912316705218936
127.088255733148,3.094582100652946
127.33842946490617,3.0977750904033723
127.58860319666434,3.1008103962765707
127.8387769284225,3.103687786800873
128.08895066018067,3.1064070425471955
128.33912439193884,3.108967956145773
128.589298123697,3.1113703323019735
128.83947185545517,3.113613987811191
129.08964558721334,3.1156987515728156
129.3398193189715,3.117624464603283
129.58999305072967,3.1193909800481987
129.84016678248784,3.1209981631935344
130.090340514246,3.122445891475905
130.34051424600415,3.1237340544919125
130.59068797776231,3.124862554006567
130.84086170952048,3.1258313039607772
131.09103544127865,3.126640230477913
131.34120917303682,3.1272892718694396
131.59138290479498,3.1277783786396234
131.84155663655315,3.128107513489303
132.09173036831132,3.1282766513187377
132.34190410006948,3.1282857792295187
132.59207783182765,3.128134896525553
132.84225156358582,3.127824014713119
133.092425295344,3.127353157499986
133.34259902710215,3.126722360793607
133.59277275886032,3.1259316726983823
133.8429464906185,3.124981153511988
134.09312022237663,3.1238708757207805
134.3432939541348,3.122600923994267
134.59346768589296,3.1211713951786497
134.84364141765113,3.119582398289439
135.0938151494093,3.1178340545031418
135.34398888116746,3.1159264971480183
135.59416261292563,3.113859871693917
135.8443363446838,3.1116343357411798
136.09451007644196,3.1092500590086227
136.34468380820013,3.106707223320595
136.5948575399583,3.1040060225931114
136.84503127171646,3.101146662819066
137.09520500347463,3.098129362052521
137.3453787352328,3.094954350392081
137.59555246699097,3.091621869963343
137.84572619874913,3.088132174900433
138.0958999305073,3.0844855313266257
138.34607366226544,3.0806822173340516
138.5962473940236,3.076722522962485
138.84642112578177,3.0726067501772314
139.09659485753994,3.0683352128460974
139.3467685892981,3.0639082367154535
139.59694232105628,3.0593261593853955
139.84711605281444,3.0545893302839975
140.0972897845726,3.0496981106406644
140.34746351633078,3.044652873458587
140.59763724808894,3.0394540034862936
140.8478109798471,3.0341018971883114
141.09798471160528,3.028596962714931
141.34815844336345,3.0229396198710834
141.5983321751216,3.017130300084321
141.84850590687978,3.0111694463719223
142.09867963863792,3.0050575133071047
142.34885337039609,2.9987949669843568
142.59902710215425,2.992382284983902
142.84920083391242,2.985819956335268
143.0993745656706,2.9791084814800004
143.34954829742875,2.972248372233498
143.59972202918692,2.96524015174598
143.8498957609451,2.958084354462593
144.10006949270326,2.950781526082652
144.35024322446142,2.9433322235180275
144.6004169562196,2.935737014850676
144.85059068797776,2.927996479289314
145.10076441973592,2.9201112071252533
145.3509381514941,2.912081799687381
145.60111188325226,2.9039088692963064
145.85128561501043,2.8955930392176623
146.1014593467686,2.8871349436145755
146.35163307852673,2.878535227499307
146.6018068102849,2.86979454668406
146.85198054204307,2.860913567730976
147.10215427380123,2.851892967901293
147.3523280055594,2.842733435103704
147.60250173731757,2.8334356678418944
147.85267546907573,2.824000375161277
148.1028492008339,2.814428276594918
148.35302293259207,2.8047201021086656
148.60319666435024,2.7948765920454837
148.8533703961084,2.784898497068994
149.10354412786657,2.7747865781062315
149.35371785962474,2.7645416062896127
149.6038915913829,2.7541643628981327
149.85406532314107,2.7436556392977827
150.1042390548992,2.733016236881206
150.35441278665738,2.7222469670065736
150.60458651841554,2.71134865093572
150.8547602501737,2.700322119771511
151.10493398193188,2.68916821439446
151.35510771369005,2.6778877853986116
151.6052814454482,2.6664816930266655
151.85545517720638,2.65495080710438
152.10562890896455,2.6432960069742393
152.35580264072271,2.6315181814283948
152.60597637248088,2.619618228640883
152.85615010423905,2.6075970560991357
153.10632383599722,2.5954555805347703
153.35649756775538,2.583194727853687
153.60667129951355,2.5708154330654516
153.85684503127172,2.5583186402119953
154.10701876302988,2.545705302295623
154.35719249478802,2.5329763812063417
154.6073662265462,2.520132847648494
154.85753995830436,2.5071756810667463
155.10771369006252,2.4941058695713894
155.3578874218207,2.480924409862986
155.60806115357886,2.467632307156368
155.85823488533703,2.4542305751039706
156.1084086170952,2.440720235718537
156.35858234885336,2.427102319295176
156.60875608061153,2.4133778643328005
156.8589298123697,2.39954791745492
157.10910354412786,2.385613533329834
157.35927727588603,2.371575774590199
157.6094510076442,2.357435711751993
157.85962473940236,2.343194423132884
158.1097984711605,2.3288529947699885
158.35997220291867,2.3144125203370534
158.61014593467684,2.299874101061056
158.860319666435,2.2852388456382267
159.11049339819317,2.2705078701494914
159.36066712995134,2.2556822979753663
159.6108408617095,2.2407632597102856
159.86101459346767,2.225751893076386
160.11118832522584,2.210649342836743
160.361362056984,2.1954567607080704
160.61153578874217,2.1801753052728903
160.86170952050034,2.1648061418911806
161.1118832522585,2.1493504426115098
161.36205698401668,2.133809386081648
161.61223071577484,2.118184157458688
161.862404447533,2.102475948318666
162.11257817929118,2.086685956565695
162.36275191104932,2.0708153863406076
162.61292564280748,2.054865447929126
162.86309937456565,2.0388373576695757
163.11327310632382,2.022732337860121
163.36344683808198,2.0065516166655573
163.61362056984015,1.9902964280236444
163.86379430159832,1.9739680115510134
164.11396803335649,1.9575676124486292
164.36414176511465,1.9410964814068392
164.61431549687282,1.9245558745099862
164.864489228631,1.9079470531406255
165.11466296038915,1.8912712838833294
165.36483669214732,1.8745298384281055
165.6150104239055,1.857723993473405
165.86518415566366,1.8408550306287723
166.1153578874218,1.823924236317107
166.36553161917996,1.806932901676555
166.61570535093813,1.7898823224620615
166.8658790826963,1.7727737989465422
167.11605281445446,1.7556086358217329
167.36622654621263,1.738388142098689
167.6164002779708,1.7211136310079693
167.86657400972896,1.7037864198994788
168.11674774148713,1.6864078301420138
168.3669214732453,1.6689791870224915
168.61709520500347,1.6515018196448925
168.86726893676163,1.6339770608288906
169.1174426685198,1.6164062470082214
169.36761640027797,1.5987907181287637
169.61779013203613,1.5811318175463533
169.8679638637943,1.5634308919243467
170.11813759555247,1.5456892911309144
170.3683113273106,1.5279083681361083
170.61848505906877,1.5100894789086752
170.86865879082694,1.4922339823126676
171.1188325225851,1.4743432400037997
171.36900625434328,1.4564186163256165
171.61917998610144,1.4384614782054481
171.8693537178596,1.4204731950501661
172.11952744961778,1.40245513864176
172.36970118137594,1.3844086830327147
172.6198749131341,1.366335204441233
172.87004864489228,1.3482360811462812
173.12022237665045,1.3301126933824907
173.3703961084086,1.3119664232348889
173.62056984016678,1.2937986545335107
173.87074357192495,1.2756107727478627
174.1209173036831,1.2574041648812784
174.37109103544125,1.2391802193651258
174.62126476719942,1.2209403259529459
174.8714384989576,1.2026858756144596
175.12161223071575,1.1844182604294942
175.37178596247392,1.1661388734818299
175.6219596942321,1.1478491087529534
175.87213342599026,1.1295503610157602
176.12230715774842,1.111244025728186
176.3724808895066,1.0929314989267964
176.62265462126476,1.0746141771203153
176.87282835302292,1.0562934571831337
177.1230020847811,1.0379707362487818
177.37317581653926,1.0196474116033907
177.62334954829743,1.001324880579125
177.8735232800556,0.9830045404476295
178.12369701181376,0.9646877883134726
178.3738707435719,0.9463760210076021
178.62404447533007,0.9280706349808248
178.87421820708823,0.9097730261973123
179.1243919388464,0.8914845900281457
179.37456567060457,0.873206721144903
179.62473940236274,0.8549408134133094
179.8749131341209,0.8366882597869294
180.12508686587907,0.8184504522009494
180.37526059763724,0.8002287814660259
180.6254343293954,0.7820246371622217
180.87560806115357,0.7638394075330437
181.12578179291174,0.7456744793795647
181.3759555246699,0.7275312379546741
181.62612925642807,0.7094110668574352
181.87630298818624,0.6913153479275786
182.12647671994438,0.6732454611401161
182.37665045170255,0.6552027845001022
182.6268241834607,0.6371886939375582
182.87699791521888,0.6192045632025345
183.12717164697705,0.6012517637603583
183.3773453787352,0.5833316646870343
183.62751911049338,0.5654456325648476
183.87769284225155,0.5475950313781437
184.12786657400972,0.5297812224093198
184.37804030576788,0.5120055641350018
184.62821403752605,0.494269412122455
184.87838776928422,0.47657411892620594
185.12856150104238,0.45892103398490247
185.37873523280055,0.44131150351839676
185.62890896455872,0.4237468704250891
185.87908269631689,0.40622847417951535
186.12925642807505,0.3887576507302064
186.3794301598332,0.37133573239780027
186.62960389159136,0.35396404777343904
186.87977762334953,0.3366439216174604
187.1299513551077,0.31937667475836196
187.38012508686586,0.3021636239920854
187.63029881862403,0.28500608198158617
187.8804725503822,0.2679053571567377
188.13064628214036,0.25086275361454724
188.38082001389853,0.23387957101971257
188.6309937456567,0.2169571045055
188.88116747741486,0.20009664457498444
189.13134120917303,0.18329947700263372
189.3815149409312,0.16656688273625464
189.63168867268936,0.14990013779931555
189.88186240444753,0.13330051319362546
190.13203613620567,0.11676927480241739
190.38220986796384,0.10030768329380202
190.632383599722,0.08391699402464614
190.88255733148017,0.0675984569448227
191.13273106323834,0.05135331650189834
191.3829047949965,0.03518281154623071
191.63307852675467,0.019088175236491756
191.88325225851284,0.0030706349456350868
192.133425990271,-0.012868587832714828
192.38359972202917,-0.028728277577404926
192.63377345378734,-0.04450722483245362
192.8839471855455,-0.06020422629927613
193.13412091730368,-0.07581808492845843
193.38429464906184,-0.09134761001103664
193.63446838082,-0.10679161726930375
193.88464211257818,-0.12214892894711538
194.13481584433634,-0.13741837389971634
194.38498957609448,-0.15259878768304214
194.63516330785265,-0.1676890126425279
194.88533703961082,-0.18268789800138263
195.13551077136898,-0.19759429994834754
195.38568450312715,-0.2124070817249306
195.63585823488532,-0.22712511371208866
195.8860319666435,-0.2417472735163757
196.13620569840165,-0.2562724460555299
196.38637943015982,-0.27069952364351857
196.636553161918,-0.28502740607500376
196.88672689367615,-0.29925500070924715
197.13690062543432,-0.3133812225534287
197.3870743571925,-0.3274049943453956
197.63724808895066,-0.3413252466358099
197.88742182070882,-0.3551409178697045
198.13759555246696,-0.36885095446743765
198.38776928422513,-0.3824543109050391
198.6379430159833,-0.39594994979394005
198.88811674774146,-0.4093368419600856
199.13829047949963,-0.42261396652242045
199.3884642112578,-0.4357803109707348
199.63863794301596,-0.4488348712428869
199.88881167477413,-0.4617766518013675
200.1389854065323,-0.4746046657092198
200.38915913829047,-0.48731793470530427
200.63933287004863,-0.4999154892788966
200.8895066018068,-0.5123963687436288
201.13968033356497,-0.5247596213107466
201.38985406532314,-0.537004304161695
201.6400277970813,-0.5491294835200116
201.89020152883947,-0.561134234722545
202.14037526059764,-0.5730176422899629
202.39054899235578,-0.5847787999965679
202.64072272411394,-0.596416810939411
202.8908964558721,-0.6079307876066775
203.14107018763028,-0.61931985194538
203.39124391938844,-0.6305831354283133
203.6414176511466,-0.6417197791202902
203.89159138290478,-0.652728933743639
204.14176511466295,-0.6636097597429751
204.3919388464211,-0.6743614273492227
204.64211257817928,-0.6849831166428932
204.89228630993745,-0.695474017616609
205.1424600416956,-0.7058333302368798
205.39263377345378,-0.7160602645051095
205.64280750521195,-0.7261540405178435
205.89298123697012,-0.7361138885262388
206.14315496872825,-0.7459390489947713
206.39332870048642,-0.7556287726591564
206.6435024322446,-0.7651823205834838
206.89367616400276,-0.7745989642165734
207.14384989576092,-0.7838779854475286
207.3940236275191,-0.7930186766605067
207.64419735927726,-0.8020203407886757
207.89437109103542,-0.8108822913673757
208.1445448227936,-0.8196038525864646
208.39471855455176,-0.8281843593418605
208.64489228630993,-0.836623157286259
208.8950660180681,-0.844919602879034
209.14523974982626,-0.8530730634353154
209.39541348158443,-0.8610829171742331
209.6455872133426,-0.8689485532663401
209.89576094510076,-0.8766693718801908
210.14593467685893,-0.8842447842280838
210.39610840861707,-0.8916742126109616
210.64628214037523,-0.8989570904624713
210.8964558721334,-0.9060928623921638
211.14662960389157,-0.9130809842278522
211.39680333564974,-0.9199209230571093
211.6469770674079,-0.9266121572679047
211.89715079916607,-0.9331541765883877
212.14732453092424,-0.9395464821257968
212.3974982626824,-0.9457885864045072
212.64767199444057,-0.9518800134032026
212.89784572619874,-0.9578202985911803
213.1480194579569,-0.9636089889637736
213.39819318971507,-0.9692456430768994
213.64836692147324,-0.9747298310807202
213.8985406532314,-0.980061134752428
214.14871438498955,-0.9852391475281332
214.3988881167477,-0.990263474533875
214.64906184850588,-0.9951337326157295
214.89923558026405,-0.9998495503690292
215.14940931202221,-1.0044105681666888
215.39958304378038,-1.0088164381866296
215.64975677553855,-1.0130668244383028
215.89993050729672,-1.0171614027883127
216.15010423905488,-1.021099860985136
216.40027797081305,-1.0248818986829336
216.65045170257122,-1.0285072274644542
216.90062543432938,-1.0319755708630285
217.15079916608755,-1.0352866643836545
217.40097289784572,-1.0384402555231667
217.6511466296039,-1.0414361037894913
217.90132036136205,-1.044273980719987
218.15149409312022,-1.0469536698988668
218.40166782487836,-1.0494749669737025
218.65184155663653,-1.0518376796710083
218.9020152883947,-1.0540416278109035
219.15218902015286,-1.0560866433208527
219.40236275191103,-1.057972570248483
219.6525364836692,-1.059699264773477
219.90271021542736,-1.0612665952185423
220.15288394718553,-1.062674442059449
220.4030576789437,-1.0639226979341485
220.65323141070186,-1.0650112676509593
220.90340514246003,-1.0659400681958267
221.1535788742182,-1.0667090287386523
221.40375260597636,-1.0673180906386972
221.65392633773453,-1.0677672074490525
221.9041000694927,-1.068056344920183
222.15427380125084,-1.0681854810025366
222.404447533009,-1.0681546058482283
222.65462126476717,-1.0679637218117892
222.90479499652534,-1.067612843449989
223.1549687282835,-1.0671019975207234
223.40514246004167,-1.0664312229809756
223.65531619179984,-1.065600570983845
223.905489923558,-1.064610104874646
224.15566365531618,-1.0634599001860758
224.40583738707434,-1.0621500446324577
224.6560111188325,-1.06068063810305
224.90618485059068,-1.0590517926544272
225.15635858234884,-1.0572636325019373
225.406532314107,-1.0553162940102272
225.65670604586518,-1.0532099256828444
225.90687977762335,-1.0509446881509126
226.1570535093815,-1.0485207541608803
226.40722724113965,-1.0459383085613498
226.65740097289782,-1.0431975482889766
226.90757470465599,-1.0402986823534568
227.15774843641415,-1.0372419318215829
227.40792216817232,-1.034027529800388
227.6580958999305,-1.0306557214193681
227.90826963168865,-1.0271267638117898
228.15844336344682,-1.0234409260950792
228.408617095205,-1.0195984893503014
228.65879082696316,-1.0155997466007238
228.90896455872132,-1.0114450027894706
229.1591382904795,-1.0071345747562694
229.40931202223766,-1.0026687912132854
229.65948575399582,-0.9980479927200592
229.909659485754,-0.9932725316575288
230.15983321751213,-0.9883427722011664
230.4100069492703,-0.9832590902931955
230.66018068102846,-0.9780218736139323
230.91035441278663,-0.9726315215522123
231.1605281445448,-0.9670884451749411
231.41070187630297,-0.961393067195738
231.66087560806113,-0.9555458219427082
231.9110493398193,-0.9495471553253172
232.16122307157747,-0.9433975248003823
232.41139680333563,-0.9370973993371956
232.6615705350938,-0.9306472593817505
232.91174426685197,-0.9240475968201127
233.16191799861014,-0.9172989149409037
233.4120917303683,-0.910401728396917
233.66226546212647,-0.9033565631658798
233.91243919388464,-0.8961639565103361
234.1626129256428,-0.8888244569366721
234.41278665740094,-0.8813386241532977
234.6629603891591,-0.8737070290279518
234.91313412091728,-0.8659302535441729
235.16330785267544,-0.8580088907569212
235.4134815844336,-0.8499435447473485
235.66365531619178,-0.8417348305767256
235.91382904794995,-0.8333833742395496
236.1640027797081,-0.8248898126157986
236.41417651146628,-0.8162547934223596
236.66435024322445,-0.807478975163646
236.91452397498261,-0.7985630270813651
237.16469770674078,-0.7895076291034953
237.41487143849895,-0.7803134717924289
237.66504517025712,-0.7709812562923055
237.91521890201528,-0.7615116942755544
238.16539263377342,-0.7519055078886092
238.4155663655316,-0.7421634296968507
238.66574009728976,-0.7322862026287278
238.91591382904792,-0.7222745799191164
239.1660875608061,-0.712129325051863
239.41626129256426,-0.7018512117015749
239.66643502432242,-0.6914410236746138
239.9166087560806,-0.6808995548493175
240.16678248783876,-0.6702276091154735
240.41695621959693,-0.6594260003129961
240.6671299513551,-0.6484955521698808
240.91730368311326,-0.6374370982393778
241.16747741487143,-0.6262514818364211
241.4176511466296,-0.6149395559733288
241.66782487838776,-0.603502183294748
241.91799861014593,-0.5919402360118613
242.1681723419041,-0.580254595835888
242.41834607366224,-0.5684461539108316
242.6685198054204,-0.5565158107455239
242.91869353717857,-0.5444644761449615
243.16886726893674,-0.5322930691409167
243.4190410006949,-0.5200025179218464
243.66921473245307,-0.507593759762123
243.91938846421124,-0.4950677409505504
244.1695621959694,-0.48242541671819383
244.41973592772757,-0.4696677511655496
244.66990965948574,-0.4567957171890056
244.9200833912439,-0.4438102964066639
245.17025712300207,-0.43071247908347665
245.42043085476024,-0.41750326405572036
245.6706045865184,-0.40418365865483996
245.92077831827658,-0.3907546786306233
246.1709520500347,-0.3772173480737344
246.42112578179288,-0.36357269933762115
246.67129951355105,-0.34982177295979855
246.92147324530922,-0.335965617582475
247.17164697706738,-0.3220052898726067
247.42182070882555,-0.3079418544413046
247.67199444058372,-0.29377638376264037
247.92216817234188,-0.2795099580918774
248.17234190410005,-0.26514366538308054
248.42251563585822,-0.2506786012061424
248.67268936761639,-0.2361158686632543
248.92286309937455,-0.22145657830476106
249.17303683113272,-0.20670184804449154
249.4232105628909,-0.19185280307449704
249.67338429464905,-0.17691057577923686
249.92355802640722,-0.16187630564924316
250.1737317581654,-0.1467511391941989
250.42390548992353,-0.13153622985553093
250.6740792216817,-0.11623273791842359
250.92425295343986,-0.1008418304233607
251.17442668519803,-0.0853646810771016
251.4246004169562,-0.0698024701631974
251.67477414871436,-0.05415638445197368
251.92494788047253,-0.038427617110016854
252.1751216122307,-0.022617367609207184
252.42529534398886,-0.006726841635221081
252.67546907574703,0.009242749004392259
252.9256428075052,0.025290186472630705
253.17581653926337,0.04141424699592333
253.42599027102153,0.05761370095743368
253.6761640027797,0.07388731299084039
253.92633773453787,0.09023384207455654
254.176511466296,0.10665204162634523
254.42668519805417,0.12314065959840803
254.67685892981234,0.13969843857285513
254.9270326615705,0.15632411585758932
255.17720639332867,0.17301642358260516
255.42738012508684,0.18977408879668645
255.677553856845,0.20659583356446087
255.92772758860318,0.22348037506386598
256.17790132036134,0.24042642568398598
256.4280750521195,0.25743269312322115
256.6782487838777,0.27449788048786594
256.9284225156358,0.2916206863909825
257.178596247394,0.30879980505167115
257.42876997915215,0.3260339263946216
257.67894371091035,0.3433217361500466
257.9291174426685,0.3606619159538833
258.1792911744267,0.37805314344834606
258.4294649061848,0.395494092382761
258.679638637943,0.4129834327147206
258.92981236970115,0.43051983071148703
259.17998610145935,0.44810194905173095
259.4301598332175,0.46572844692748705
259.6803335649757,0.48339798014643154
259.9305072967338,0.5011092012343622
260.180681028492,0.5188607595379878
260.43085476025016,0.5366513013278865
260.6810284920083,0.5544794699017868
260.9312022237665,0.5723439056880042
261.18137595552463,0.5902432463491153
261.4315496872828,0.6081761268858739
261.68172341904096,0.6261411797412766
261.93189715079916,0.6441370349048818
262.1820708825573,0.6621623200172568
262.4322446143155,0.6802156604746668
262.68241834607363,0.6982956795338575
262.9325920778318,0.7164009984170969
263.18276580958997,0.7345302364172765
263.43293954134816,0.7526820110032364
263.6831132731063,0.7708549379251677
263.9332870048645,0.7890476313202042
264.18346073662264,0.8072587038180787
264.4336344683808,0.8254867666469495
264.68380820013897,0.8437304297393001
264.9339819318971,0.8619883018379194
265.1841556636553,0.8802589906020472
265.43432939541344,0.8985411027135086
265.68450312717164,0.9168332439830027
265.9346768589298,0.935134019456392
266.184850590688,0.9534420335211118
266.4350243224461,0.9717558900125696
266.6851980542043,0.990074192320649
266.93537178596245,1.008395543496171
267.18554551772064,1.0267185463574773
267.4357192494788,1.0450418035969327
267.685892981237,1.063363917887519
267.9360667129951,1.0816834919893634
268.18624044475325,1.0999991288563193
268.43641417651145,1.118309431742492
268.6865879082696,1.136613004308744
268.9367616400278,1.1549084507292082
269.1869353717859,1.1731943757976904
269.4371091035441,1.1914693850341176
269.68728283530226,1.2097320847908373
269.93745656706045,1.2279810823589292
270.1876302988186,1.2462149860743843
270.4378040305768,1.264432405424261
270.6879777623349,1.2826319511526976
270.9381514940931,1.3008122353668876
271.18832522585126,1.318971871642878
271.43849895760945,1.3371094751313475
271.6886726893676,1.3552236626631713
271.9388464211258,1.373313052854935
272.1890201528839,1.3913762662142477
272.43919388464207,1.4094119252449686
272.68936761640026,1.4274186545522434
272.9395413481584,1.4453950809473792
273.1897150799166,1.4633398335525953
273.43988881167473,1.4812515439055198
273.69006254343293,1.4991288460636008
273.94023627519107,1.5169703767082283
274.19041000694926,1.5347747752487333
274.4405837387074,1.5525406839261175
274.6907574704656,1.5702667479166248
274.94093120222374,1.5879516154350304
275.19110493398193,1.6055939378377557
275.44127866574007,1.6231923697256923
275.69145239749827,1.6407455690468145
275.9416261292564,1.658252197198518
276.1917998610146,1.6757109191297141
276.44197359277274,1.6931204034426168
276.6921473245309,1.7104793224942991
276.9423210562891,1.7277863524979278
277.1924947880472,1.745040173623706
277.4426685198054,1.7622394700995456
277.69284225156355,1.7793829303113848
277.94301598332174,1.7964692469032246
278.1931897150799,1.8134971168768206
278.4433634468381,1.8304652416910634
278.6935371785962,1.847372327360981
278.9437109103544,1.8642170845564454
279.19388464211255,1.8809982287004674
279.44405837387075,1.8977144800671883
279.6942321056289,1.9143645638794422
279.9444058373871,1.9309472104060017
280.1945795691452,1.9474611550583654
280.44475330090336,1.9639051384872412
280.69492703266155,1.9802779066785585
280.9451007644197,1.9965782110490924
281.1952744961779,2.012804808541705
281.445448227936,2.0289564617201132
281.6956219596942,2.045031938863281
281.94579569145236,2.061030014059326
282.19596942321056,2.0769494672990336
282.4461431549687,2.092789084568859
282.6963168867269,2.10854765794355
282.94649061848503,2.124223985678226
283.1966643502432,2.1398168723000515
283.44683808200136,2.155325128699376
283.69701181375956,2.1707475722204412
283.9471855455177,2.1860830267515468
284.19735927727584,2.2013303228147576
284.44753300903403,2.2164882976550864
284.69770674079217,2.2315557953291414
284.94788047255037,2.246531666793317
285.1980542043085,2.2614147699913865
285.4482279360667,2.276203969941618
285.69840166782484,2.2908981388233074
285.94857539958304,2.3054961560628078
286.1987491313412,2.319996908418959
286.44892286309937,2.3343992900680135
286.6990965948575,2.348702202687929
286.9492703266157,2.362904555542164
287.19944405837384,2.377005265562829
287.44961779013204,2.3910032574333
287.6997915218902,2.4048974636702036
287.9499652536484,2.4186868247048445
288.2001389854065,2.4323702889639844
288.45031271716465,2.445946812950055
288.70048644892285,2.45941536132073
288.950660180681,2.4727749069678597
289.2008339124392,2.486024431095834
289.4510076441973,2.4991629232992425
289.7011813759555,2.5121893816399528
289.95135510771365,2.525102812723497
290.20152883947185,2.5379022317748463
290.45170257123,2.550586662713493
290.7018763029882,2.5631551382279048
290.9520500347463,2.575606699849265
291.2022237665045,2.587940398024598
291.45239749826266,2.600155292189152
291.70257123002085,2.612250450838151
291.952744961779,2.6242249515978093
292.2029186935372,2.636077881295691
292.4530924252953,2.6478083360303284
292.70326615705346,2.6594154212401735
292.95343988881166,2.670898251771808
293.2036136205698,2.6822559519474307
293.453787352328,2.6934876556316665
293.70396108408613,2.7045925062975904
293.9541348158443,2.7155696570920655
294.20430854760247,2.726418270900305
294.45448227936066,2.737137520409732
294.7046560111188,2.747726588173049
294.954829742877,2.7581846666705925
295.20500347463513,2.768510958371905
295.45517720639333,2.7787046757965568
295.70535093815147,2.788765041574197
295.95552466990966,2.7986912885038473
296.2056984016678,2.8084826596123875
296.45587213342594,2.8181384082123024
296.70604586518414,2.827657797958614
296.9562195969423,2.8370401029050316
297.20639332870047,2.8462846075593244
297.4565670604586,2.8553906069378714
297.7067407922168,2.8643574066194315
297.95691452397494,2.873184322798097
298.20708825573314,2.881870682335445
298.4572619874913,2.8904158228118613
298.7074357192495,2.8988190925770683
298.9576094510076,2.907079850799806
299.2077831827658,2.915197467516717
299.45795691452395,2.9231713236803722
299.70813064628214,2.931000811206495
299.9583043780403,2.938685333020312
300.2084781097984,2.9462243031021123
300.4586518415566,2.953617146531918
300.70882557331475,2.9608632995333313
300.95899930507295,2.9679622095165343
301.2091730368311,2.97491333512042
301.4593467685893,2.9817161462538873
301.7095205003474,2.9883701241362526
301.9596942321056,2.994874761336827
302.20986796386376,3.001229561813595
302.46004169562195,3.007434040951062
302.7102154273801,3.0134877255971935
302.9603891591383,3.0193901540995114
303.2105628908964,3.0251408763402887
303.4607366226546,3.030739453770883
303.71091035441276,3.036185459445175
303.96108408617096,3.0414784780521336
304.2112578179291,3.0466181059474757
304.46143154968723,3.0516039511844624
304.71160528144543,3.0564356335437814
304.96177901320357,3.0611127845625385
305.21195274496176,3.065635047562366
305.4621264767199,3.070002077676614
305.7123002084781,3.074213541876657
305.96247394023624,3.078269118997285
306.21264767199443,3.0821684997611993
306.46282140375257,3.0859113868025934
306.71299513551077,3.0894974946898377
306.9631688672689,3.092926549947238
307.2133425990271,3.0961982910758965
307.46351633078524,3.09931246857365
307.71369006254344,3.1022688449541005
307.9638637943016,3.1050671947647217
308.21403752605977,3.107707304604057
308.4642112578179,3.1101889731379866
308.71438498957605,3.1125120111150877
308.96455872133424,3.114676241381065
309.2147324530924,3.1166814988922567
309.4649061848506,3.1185276307282264
309.7150799166087,3.12021449610342
309.9652536483669,3.1217419663779054
310.21542738012505,3.12310992506718
310.46560111188325,3.124318267851056
310.7157748436414,3.125366902581614
310.9659485753996,3.1262557492902308
311.2161223071577,3.126984740193678
311.4662960389159,3.1275538196992922
311.71646977067405,3.127962944409211
311.96664350243225,3.1282120831236866
312.2168172341904,3.1283012168434627
312.4669909659485,3.1282303387712243
312.7171646977067,3.127999454312115
312.96733842946486,3.1276085810733267
313.21751216122306,3.1270577488627547
313.4676858929812,3.1263469996867266
313.7178596247394,3.125476387746796
313.96803335649753,3.124445979435613
314.2182070882557,3.123255853331859
314.46838082001386,3.1219061001942525
314.71855455177206,3.1203968229546315
314.9687282835302,3.118728136710102
315.2189020152884,3.1169001687142606
315.46907574704653,3.114913058367491
315.7192494788047,3.1127669572063312
315.96942321056287,3.1104620288919227
316.219596942321,3.107998449197522
316.4697706740792,3.105376405995102
316.71994440583734,3.102596099241024
316.97011813759553,3.0996577409607866
317.2202918693537,3.096561555232859
317.47046560111187,3.093307778171594
317.72063933287,3.0898966579092177
317.9708130646282,3.08632845457691
318.22098679638634,3.0826034402849674
318.47116052814454,3.0787218991020495
318.7213342599027,3.0746841270335206
318.97150799166087,3.0704904319988686
319.221681723419,3.0661411338082334
319.4718554551772,3.0616365641380066
319.72202918693534,3.0569770665055516
319.97220291869354,3.052162996242992
320.2223766504517,3.047194720470128
320.4725503822098,3.0420726180664293
320.722724113968,3.0367970796421457
320.97289784572615,3.0313685075085237
321.22307157748435,3.0257873156471184
321.4732453092425,3.0200539296782303
321.7234190410007,3.0141687868284404
321.9735927727588,3.008132335897278
322.223766504517,3.001945037222982
322.47394023627515,2.9956073626474082
322.72411396803335,2.9891197954800366
322.9742876997915,2.982482830461123
323.2244614315497,2.975696973723961
323.4746351633078,2.9687627427562964
323.724808895066,2.9616806663608477
323.97498262682416,2.954451284615
324.22515635858235,2.9470751488295974
324.4753300903405,2.9395528215069184
324.72550382209863,2.931884876297765
324.9756775538568,2.924071897957726
325.22585128561497,2.9161144823025826
325.47602501737316,2.908013236162865
325.7261987491313,2.899768777337585
325.9763724808895,2.891381734547112
326.22654621264763,2.882852747385243
326.47671994440583,2.874182466270406
326.72689367616397,2.8653715523960797
326.97706740792216,2.856420677680355
327.2272411396803,2.847330524714707
327.4774148714385,2.838101786711931
327.72758860319664,2.8287351674532872
327.97776233495483,2.8192313812348186
328.22793606671297,2.809591152812899
328.4781097984711,2.7998152173489386
328.7282835302293,2.7899043203533354
328.97845726198744,2.779859217628626
329.22863099374564,2.7696806752118337
329.4788047255038,2.759369469316068
329.728978457262,2.748926386271315
329.9791521890201,2.738352222464485
330.2293259207783,2.727647784278667
330.47949965253645,2.716813888031655
330.72967338429464,2.705851359913667
330.9798471160528,2.694761035924367
331.230020847811,2.6835437618090916
331.4801945795691,2.672200392994371
331.7303683113273,2.660731794522676
331.98054204308545,2.6491388409864696
332.2307157748436,2.6374224164614946
332.4808895066018,2.6255834144393573
332.7310632383599,2.6136227377594086
332.9812369701181,2.60154129853986
333.23141070187626,2.589340018108258
333.48158443363445,2.577019826931199
333.7317581653926,2.564581664543394
333.9819318971508,2.552026479475999
334.2321056289089,2.5393552291842996
334.4822793606671,2.5265688799746746
334.73245309242526,2.5136684069309347
334.98262682418346,2.500654793839929
335.2328005559416,2.48752903311655
335.4829742876998,2.47429212572803
335.73314801945793,2.460945081117631
335.9833217512161,2.447488917127639
336.23349548297426,2.4339246599217685
336.4836692147324,2.4202533439068876
336.7338429464906,2.4064760116541395
336.98401667824874,2.3925937138194557
337.23419041000693,2.3786075090633974
337.48436414176507,2.364518463970456
337.73453787352327,2.3503276529676898
337.9847116052814,2.336036158242811
338.2348853370396,2.3216450696616366
338.48505906879774,2.307155484684997
338.73523280055593,2.292568508285023
338.9854065323141,2.277885252860898
339.23558026407227,2.263106838154017
339.4857539958304,2.248234391162603
339.7359277275886,2.2332690460557467
339.98610145934674,2.218211944086938
340.23627519110494,2.2030642335070123
340.4864489228631,2.187827069476604
340.7366226546212,2.1725016139780386
340.9867963863794,2.1570890357267256
341.23697011813755,2.141590510082041
341.48714384989574,2.1260072189576835
341.7373175816539,2.110340350731551
341.9874913134121,2.094591100155098
342.2376650451702,2.0787606682622517
342.4878387769284,2.0628502622777933
342.73801250868655,2.046861095525319
342.98818624044475,2.030794387334691
343.2383599722029,2.014651362949074
343.4885337039611,1.9984332534314708
343.7387074357192,1.9821412955708801
343.9888811674774,1.9657767317879342
344.23905489923555,1.9493408100401912
344.4892286309937,1.9328347837269404
344.7394023627519,1.916259911593627
344.98957609451,1.8996174576358718
345.2397498262682,1.8829086910030548
345.48992355802636,1.866134885901558
345.74009728978456,1.849297321497564
345.9902710215427,1.8323972818195466
346.2404447533009,1.8154360556603062
346.49061848505903,1.7984149364787247
346.7407922168172,1.7813352223010979
346.99096594857537,1.7641982156221752
347.24113968033356,1.7470052233058033
347.4913134120917,1.7297575564852945
347.7414871438499,1.712456530463407
347.99166087560803,1.6951034646120833
348.2418346073662,1.6776996822717891
348.49200833912437,1.6602465106506203
348.7421820708825,1.6427452807230982
348.9923558026407,1.6251973271286433
349.24252953439884,1.607603988069826
349.49270326615704,1.5899666052102877
349.7428769979152,1.5722865235724517
349.99305072967337,1.5545650914349225
350.2432244614315,1.5368036602297082
350.4933981931897,1.5190035844391108
350.74357192494784,1.5011662214924766
350.99374565670604,1.4832929316626469
351.2439193884642,1.4653850779622526
351.4940931202224,1.4474440260397419
351.7442668519805,1.429471144075266
351.9944405837387,1.411467802676309
352.24461431549685,1.3934353747732091
352.494788047255,1.3753752355144124
352.7449617790132,1.3572887621616299
352.9951355107713,1.3391773339848143
353.2453092425295,1.3210423321569529
353.49548297428765,1.3028851396487684
353.74565670604585,1.2847071411232245
353.995830437804,1.2665097228299609
354.2460041695622,1.248294272499546
354.4961779013203,1.230062179237693
354.7463516330785,1.211814833419274
354.99652536483666,1.1935536265823363
355.24669909659485,1.1752799513219507
355.496872828353,1.156995201184041
355.7470465601112,1.1387007705590837
355.9972202918693,1.1203980545758019
356.2473940236275,1.102088448994743
356.49756775538566,1.0837733501018645
356.7477414871438,1.0654541546020428
356.997915218902,1.047132259512549
357.24808895066013,1.0288090620565395
357.49826268241833,1.0104859595564735
357.74843641417647,0.9921643493275842
357.99861014593466,0.9738456285712895
358.2487838776928,0.9555311942686717
358.498957609451,0.9372224430739142
358.74913134120914,0.9189207712078196
358.99930507296733,0.9006275743513185
359.24947880472547,0.8823442475390433
359.49965253648367,0.8640721850529282
359.7498262682418,0.8458127803159073
360.0,0.8275674257856235
